[hithit]
3000 2 0.001|0.01 10 1|0.01 10 1|0.01 10 1|0.01 10 1|0.01 10 1|0.01 10 1|0.01 10 1|0.01 10 1|0.01 10 1
0.01 10 1|3000 2 0.001|0.01 10 1|0.01 10 1|0.01 10 1|0.01 10 1|0.01 10 1|0.01 10 1|0.01 10 1|0.01 10 1
0.01 10 1|0.01 10 1|3000 2 0.001|0.01 10 1|0.01 10 1|0.01 10 1|0.01 10 1|0.01 10 1|0.01 10 1|0.01 10 1
0.01 10 1|0.01 10 1|0.01 10 1|3000 2 0.001|0.01 10 1|0.01 10 1|0.01 10 1|0.01 10 1|0.01 10 1|0.01 10 1
0.01 10 1|0.01 10 1|0.01 10 1|0.01 10 1|3000 2 0.001|0.01 10 1|0.01 10 1|0.01 10 1|0.01 10 1|0.01 10 1
0.01 10 1|0.01 10 1|0.01 10 1|0.01 10 1|0.01 10 1|3000 2 0.001|0.01 10 1|0.01 10 1|0.01 10 1|0.01 10 1
0.01 10 1|0.01 10 1|0.01 10 1|0.01 10 1|0.01 10 1|0.01 10 1|3000 2 0.001|0.01 10 1|0.01 10 1|0.01 10 1
0.01 10 1|0.01 10 1|0.01 10 1|0.01 10 1|0.01 10 1|0.01 10 1|0.01 10 1|3000 2 0.001|0.01 10 1|0.01 10 1
0.01 10 1|0.01 10 1|0.01 10 1|0.01 10 1|0.01 10 1|0.01 10 1|0.01 10 1|0.01 10 1|3000 2 0.001|0.01 10 1
0.01 10 1|0.01 10 1|0.01 10 1|0.01 10 1|0.01 10 1|0.01 10 1|0.01 10 1|0.01 10 1|0.01 10 1|3000 2 0.001

[hitrel]
-100 2 0.02|0.01 10 200|0.01 10 200|0.01 10 200|0.01 10 200|0.01 10 200|0.01 10 200|0.01 10 200|0.01 10 200|0.01 10 200
0.01 10 200|-100 2 0.02|0.01 10 200|0.01 10 200|0.01 10 200|0.01 10 200|0.01 10 200|0.01 10 200|0.01 10 200|0.01 10 200
0.01 10 200|0.01 10 200|-100 2 0.02|0.01 10 200|0.01 10 200|0.01 10 200|0.01 10 200|0.01 10 200|0.01 10 200|0.01 10 200
0.01 10 200|0.01 10 200|0.01 10 200|-100 2 0.02|0.01 10 200|0.01 10 200|0.01 10 200|0.01 10 200|0.01 10 200|0.01 10 200
0.01 10 200|0.01 10 200|0.01 10 200|0.01 10 200|-100 2 0.02|0.01 10 200|0.01 10 200|0.01 10 200|0.01 10 200|0.01 10 200
0.01 10 200|0.01 10 200|0.01 10 200|0.01 10 200|0.01 10 200|-100 2 0.02|0.01 10 200|0.01 10 200|0.01 10 200|0.01 10 200
0.01 10 200|0.01 10 200|0.01 10 200|0.01 10 200|0.01 10 200|0.01 10 200|-100 2 0.02|0.01 10 200|0.01 10 200|0.01 10 200
0.01 10 200|0.01 10 200|0.01 10 200|0.01 10 200|0.01 10 200|0.01 10 200|0.01 10 200|-100 2 0.02|0.01 10 200|0.01 10 200
0.01 10 200|0.01 10 200|0.01 10 200|0.01 10 200|0.01 10 200|0.01 10 200|0.01 10 200|0.01 10 200|-100 2 0.02|0.01 10 200
0.01 10 200|0.01 10 200|0.01 10 200|0.01 10 200|0.01 10 200|0.01 10 200|0.01 10 200|0.01 10 200|0.01 10 200|-100 2 0.02

[relhit]
3000 2 0.001|0.01 11 -525|0.01 11 -525|0.01 11 -525|0.01 11 -525|0.01 11 -525|0.01 11 -525|0.01 11 -525|0.01 11 -525|0.01 11 -525
0.01 11 -525|3000 2 0.001|0.01 11 -525|0.01 11 -525|0.01 11 -525|0.01 11 -525|0.01 11 -525|0.01 11 -525|0.01 11 -525|0.01 11 -525
0.01 11 -525|0.01 11 -525|3000 2 0.001|0.01 11 -525|0.01 11 -525|0.01 11 -525|0.01 11 -525|0.01 11 -525|0.01 11 -525|0.01 11 -525
0.01 11 -525|0.01 11 -525|0.01 11 -525|3000 2 0.001|0.01 11 -525|0.01 11 -525|0.01 11 -525|0.01 11 -525|0.01 11 -525|0.01 11 -525
0.01 11 -525|0.01 11 -525|0.01 11 -525|0.01 11 -525|3000 2 0.001|0.01 11 -525|0.01 11 -525|0.01 11 -525|0.01 11 -525|0.01 11 -525
0.01 11 -525|0.01 11 -525|0.01 11 -525|0.01 11 -525|0.01 11 -525|3000 2 0.001|0.01 11 -525|0.01 11 -525|0.01 11 -525|0.01 11 -525
0.01 11 -525|0.01 11 -525|0.01 11 -525|0.01 11 -525|0.01 11 -525|0.01 11 -525|3000 2 0.001|0.01 11 -525|0.01 11 -525|0.01 11 -525
0.01 11 -525|0.01 11 -525|0.01 11 -525|0.01 11 -525|0.01 11 -525|0.01 11 -525|0.01 11 -525|3000 2 0.001|0.01 11 -525|0.01 11 -525
0.01 11 -525|0.01 11 -525|0.01 11 -525|0.01 11 -525|0.01 11 -525|0.01 11 -525|0.01 11 -525|0.01 11 -525|3000 2 0.001|0.01 11 -525
0.01 11 -525|0.01 11 -525|0.01 11 -525|0.01 11 -525|0.01 11 -525|0.01 11 -525|0.01 11 -525|0.01 11 -525|0.01 11 -525|3000 2 0.001

[relrel]
3000 2 0.001|0.01 10 1|0.01 10 1|0.01 10 1|0.01 10 1|0.01 10 1|0.01 10 1|0.01 10 1|0.01 10 1|0.01 10 1
0.01 10 1|3000 2 0.001|0.01 10 1|0.01 10 1|0.01 10 1|0.01 10 1|0.01 10 1|0.01 10 1|0.01 10 1|0.01 10 1
0.01 10 1|0.01 10 1|3000 2 0.001|0.01 10 1|0.01 10 1|0.01 10 1|0.01 10 1|0.01 10 1|0.01 10 1|0.01 10 1
0.01 10 1|0.01 10 1|0.01 10 1|3000 2 0.001|0.01 10 1|0.01 10 1|0.01 10 1|0.01 10 1|0.01 10 1|0.01 10 1
0.01 10 1|0.01 10 1|0.01 10 1|0.01 10 1|3000 2 0.001|0.01 10 1|0.01 10 1|0.01 10 1|0.01 10 1|0.01 10 1
0.01 10 1|0.01 10 1|0.01 10 1|0.01 10 1|0.01 10 1|3000 2 0.001|0.01 10 1|0.01 10 1|0.01 10 1|0.01 10 1
0.01 10 1|0.01 10 1|0.01 10 1|0.01 10 1|0.01 10 1|0.01 10 1|3000 2 0.001|0.01 10 1|0.01 10 1|0.01 10 1
0.01 10 1|0.01 10 1|0.01 10 1|0.01 10 1|0.01 10 1|0.01 10 1|0.01 10 1|3000 2 0.001|0.01 10 1|0.01 10 1
0.01 10 1|0.01 10 1|0.01 10 1|0.01 10 1|0.01 10 1|0.01 10 1|0.01 10 1|0.01 10 1|3000 2 0.001|0.01 10 1
0.01 10 1|0.01 10 1|0.01 10 1|0.01 10 1|0.01 10 1|0.01 10 1|0.01 10 1|0.01 10 1|0.01 10 1|3000 2 0.001

[hold]
300|300|300|300|300|300|300|300|300|300
300|300|300|300|300|300|300|300|300|300
300|300|300|300|300|300|300|300|300|300
300|300|300|300|300|300|300|300|300|300
300|300|300|300|300|300|300|300|300|300
300|300|300|300|300|300|300|300|300|300
300|300|300|300|300|300|300|300|300|300
300|300|300|300|300|300|300|300|300|300
300|300|300|300|300|300|300|300|300|300
300|300|300|300|300|300|300|300|300|300

[fingers]
1|1
1|1
1|0 1
1 2|1 2
1 2|0 1 2
1 2 3|1 2 3
1 2 3|0 1 2 3
0 1 2 3|0 1 2 3
1 2 3 4|0 1 2 3 4
0 1 2 3 4|0 1 2 3 4
